51 27662
77 10612
144 23111
153 25293
303 23403
367 20678
413 4304
427 1035
443 13027
458 12759
468 1885
579 5459
632 13994
637 14968
795 14691
872 26703
987 4714
1049 11872
1079 27390
1080 2391
1152 25862
1221 6410
1260 25677
1282 20365
1296 27682
1312 5719
1322 21989
1364 8482
1379 14207
1427 14773
1481 4146
1495 8996
1611 23939
1887 15283
1914 6541
1988 19057
2008 22709
2046 20965
2175 26248
2176 18182
2252 4719
2295 6671
2302 25169
2335 15181
2383 5131
2431 15958
2437 17269
2478 21708
2492 16122
2522 13572
2534 26563
2551 21574
2573 22256
2591 9131
2601 24803
2619 3981
2795 12373
2821 23078
2827 11107
2876 9089
2908 25604
3232 11355
3385 12023
3399 3647
3519 14392
3528 14375
3535 5606
3787 4807
3822 28592
3829 9257
3830 6722
4115 4373
4134 14193
4154 16945
4183 12743
4230 13220
4310 22798
4334 6162
4460 11809
4491 21421
4528 9898
4531 17821
4581 28009
4737 12952
4746 14496
4795 15092
4908 22115
4977 10507
4988 27779
5041 16196
5050 14844
5200 7123
5254 23737
5330 13757
5330 24471
5378 19940
5417 27253
5417 27324
5539 8047
5900 16317
6109 26511
6161 23890
6168 13234
6233 11374
6482 26944
6559 25784
6567 13526
6769 11068
6954 21080
7037 23193
7089 21556
7104 21719
7135 9612
7419 23542
7553 21990
7561 23638
7674 26225
7838 9972
7980 27782
7983 21671
8003 19670
8081 18734
8109 16409
8178 11848
8300 22172
8495 27191
8635 26370
8707 20481
8721 10478
8850 21543
9200 25364
9279 22342
9299 11981
9336 26769
9466 28023
9667 17256
9670 25082
9731 17738
9930 25021
10332 14908
10382 18554
10481 11782
10533 21025
10579 15460
10604 15981
10706 19828
10732 22207
10900 21743
11036 11483
11037 27079
11244 21164
11281 18103
11319 13730
11409 25980
11489 24142
11749 28408
11899 18047
12051 25910
12080 17345
12083 14642
12256 25782
12260 22236
12469 12914
12736 13731
12844 25181
12919 16698
13161 13751
13211 17734
13218 19313
13304 17399
13373 19303
13464 23452
13492 27522
13578 27704
13757 24471
13838 15050
13989 19625
14055 22779
14095 27045
14260 22381
14281 23905
14311 22812
14550 19045
14660 21322
14800 22359
14842 18049
14977 24305
15124 18032
15217 24678
15295 27950
15329 17033
15346 21111
15347 17864
15385 27971
15723 20603
15774 19429
15805 19230
15904 19775
16400 26618
16647 27654
16915 20683
17017 23599
17085 24687
17111 24347
17423 23145
17490 22886
17579 22042
17900 19170
18297 26727
18477 19941
18741 18921
18743 20530
18809 22627
19136 27512
19218 25518
19421 27592
19439 22885
19915 23239
20005 26753
20153 26303
20468 28095
20525 26691
20531 22465
21586 22110
21717 26220
21766 28065
21821 25333
21904 24398
22026 26764
22127 24191
22192 23587
22931 28306
22971 23614
23203 26321
23624 27738
24199 25292
24373 25727
25607 26211
25712 27668
26454 26592
27004 27718
27036 27850
27253 27324
8668 27753
7090 22651
7689 24829
5784 24321
7090 18609
7689 24288
18609 22651
5853 15073
24288 24829
16362 18767
4161 22668
1318 27392
5668 7689
8749 18932
25949 26378
5171 24829
14210 27392
5171 24288
11911 24093
5171 7689
5030 13154
1318 14210
5668 24829
5668 24288
10604 27861
15981 27861
5171 5668
6179 27248
10227 17681
5369 19889
190 17445
11543 13835
6278 21786
14301 24658
13967 15716
22145 24933
7213 17046
7303 14630
8925 11281
8925 18103
21877 24530
35 10064
1734 2596
8635 14311
8635 22812
14311 26370
22812 26370
10377 22534
1127 23159
14988 27242
3767 8900
26395 28124
5187 6075
18507 25202
2618 15028
5761 6321
11926 15695
11608 15440
11972 23334
11620 15764
12382 14794
8049 19760
7213 21850
73 15535
4634 23880
5954 17046
5954 7213
1457 23068
17046 22054
19095 19203
14081 21866
7213 20749
5954 21850
15312 17257
7781 8207
2390 10299
7213 22054
11102 11940
17046 21850
810 20705
23763 25955
3786 18533
11168 16488
10064 14733
7748 11290
35 14733
8049 10486
7213 11102
3635 22888
10486 19760
8891 20386
878 22527
20386 23334
4324 23035
17046 20749
10059 11546
220 8992
8804 20325
13683 26684
9164 18201
7213 11940
24325 24933
5954 22054
11102 23295
24362 25934
22145 24325
21996 23213
15440 19859
3580 19957
22888 25876
15695 25758
1977 22131
7972 28322
4214 23754
4398 20822
20336 28368
19211 20822
8891 23334
8891 11972
11972 20386
5306 21667
1659 9001
16807 24325
20749 21850
11926 19957
22920 27366
11102 20749
24847 28322
20749 22054
11290 20287
4398 19211
1180 3464
19441 25411
3635 25876
10059 25876
11926 25758
792 12254
11940 17046
11102 17046
3635 10059
5954 20749
15695 19957
11608 19859
9959 28522
10059 22888
11940 23295
11940 20749
17716 19957
1683 7213
5954 11940
6843 15308
11940 21850
17716 25010
1683 11940
5085 9343
10105 15953
11546 22888
10606 26826
11332 16119
781 9001
18675 27059
1683 5954
19957 25010
21850 22054
11926 17716
10685 20611
9839 18060
11546 25876
7205 7254
8950 20287
3004 9305
26826 27974
1683 21850
20749 23295
15312 21998
3580 25758
1683 17046
11102 21850
8108 26302
7750 15535
3635 11546
73 7750
15689 26363
5320 18966
8950 11290
22195 25145
18068 21099
1683 22054
17257 21998
3580 17716
2462 10196
5437 28124
7748 20287
6843 10105
19957 25758
1683 11102
2248 11879
6069 10109
12228 16326
3413 7914
17046 23295
11940 22054
5793 20838
1683 20749
15308 17046
10105 15308
6257 15534
7213 23295
7213 15308
5437 26395
16807 21811
7117 10274
20580 28539
5954 23295
5954 11102
10606 27974
781 1659
11061 15345
14330 16852
14765 21569
10067 11868
4882 11893
11771 19026
14733 24718
6756 27639
1883 21472
15695 17716
8525 11463
26070 27604
10077 11965
6822 15492
15243 16780
11926 14585
24014 28522
11102 22054
6843 15953
15308 20749
2102 24603
5302 27604
3580 15695
15030 15269
4499 20506
2511 13065
11290 24366
21850 23295
6752 26084
6911 15028
1683 23295
21811 24325
20253 27974
16807 24933
4801 20311
12118 18675
5273 16499
9604 27474
3580 11926
17716 25758
4428 11703
16807 22145
3580 25010
6612 26562
14585 19957
22054 23295
13739 27303
6372 20822
14585 15695
1365 27581
7748 8950
15509 26832
12669 23927
23671 26534
21811 24933
15308 15953
7683 8074
15695 28522
7560 26717
5954 15308
15308 22054
15308 21850
12118 27059
1280 13646
21648 24017
15314 28558
11940 15308
7748 24366
10064 24718
1683 15308
11926 25010
8770 18324
9745 11051
2618 6911
9676 23709
5822 7435
3317 8253
15308 23295
1659 28449
10872 25876
19326 21648
4877 15028
11102 15308
14400 25881
5446 5961
8750 15769
19131 27028
21811 22145
2051 13562
9959 24014
10166 14011
11926 28522
22584 25712
22584 27668
1423 16453
3826 8928
24271 26901
17412 27835
748 12230
9994 16392
24867 26110
5548 8903
6323 21099
18748 24664
22568 25451
4877 6911
15695 25010
1750 15624
17972 18159
7870 27096
21864 23634
8029 13064
2714 18929
5306 23334
7101 9401
6843 20749
19957 28522
12601 21654
13340 21099
22186 25024
16130 18605
35 24718
1437 24056
2285 3464
14585 17716
3580 14585
1264 27841
6463 27434
10872 22888
21667 23334
1699 21648
22289 24007
3012 4463
5273 21998
2548 19754
20253 26826
6005 15477
7972 24847
20386 21667
19326 24017
6128 9216
9205 24362
2764 3537
14585 26394
16035 22896
3895 15758
6323 13340
5192 13671
19602 28148
2802 22114
1699 19326
1327 2696
1308 20164
2618 4877
20287 24366
14585 25758
9959 17716
4842 19480
15369 22784
9205 25934
7197 18173
14212 24176
10109 24641
8016 19220
5954 6843
7267 8310
9205 17123
12408 17148
6843 11102
9149 25175
7587 20135
14585 25010
13340 18068
9959 19957
6843 23295
5306 11972
1437 20453
8950 24366
3214 16209
1928 16130
6843 7213
10059 10872
8110 23960
12978 28325
4103 9024
6843 17046
12031 16395
1683 6843
24241 27028
12727 26842
9318 21760
1699 24017
7685 27566
8101 23173
3192 22657
17123 24362
1447 25525
2071 17471
8928 27474
170 15265
16566 28124
22247 23337
3635 10872
21996 28072
16566 26395
9001 28449
18291 22336
8891 21667
9414 13493
17716 28522
9921 21290
14896 24413
4249 5285
1908 22896
11972 21667
14585 28522
6372 19211
20824 21032
18857 24020
15699 23124
599 26036
10606 20253
7089 10172
10172 21556
6069 24641
6121 16071
6843 11940
1227 27527
5273 15312
19793 23497
10898 24776
10105 23295
7370 25024
5856 18158
3225 15052
9959 15695
17369 22432
25010 25758
12408 25618
11639 23544
9467 11298
897 8692
4681 22026
4681 26764
10105 17046
3635 11087
13147 20580
4858 25024
491 11427
11965 21411
19018 25249
14282 20045
7799 23753
1908 16035
1928 18605
4040 5173
11088 18431
1935 18748
678 7811
7213 10105
1718 25390
9308 22464
10105 20749
3162 17504
5273 17257
3355 19568
10619 19530
11475 22568
22550 25712
22550 27668
13671 26743
5306 20386
6843 22054
21506 23660
4387 13932
20053 27677
1180 2285
4075 14402
26892 27230
20339 25618
10872 11546
12038 23994
17123 25934
19608 26143
23213 28072
9959 25010
25695 27835
17716 24014
11926 26394
22550 22584
19464 25751
23522 26464
15101 17170
14839 16458
11087 22888
21099 22730
4894 10894
25758 28522
11698 17504
12832 19038
7370 22186
13539 19630
5306 8891
12495 23289
19316 27958
6972 7721
6843 21850
3488 15357
18590 24965
8416 14725
4064 25451
3580 28522
5192 26743
20232 26429
1073 15259
9959 11926
1773 8220
5571 24393
6812 27199
2474 10942
13416 25135
8709 16204
5793 19803
11087 11546
4064 11475
14564 27359
2240 4012
6589 17978
10245 23682
11755 20053
21315 27896
781 28449
18902 20609
9959 14585
11087 25876
1599 2626
4497 8038
5302 26070
8818 10006
24014 25758
3580 9959
7296 10681
3213 20053
4332 11572
5173 24078
9959 25758
17556 22253
10105 22054
11926 24014
17716 26394
4256 4681
20935 25098
11776 22584
25010 28522
14011 24624
4858 7370
13067 19510
11378 13586
17007 27124
13665 23522
19122 22896
15695 24014
11488 26143
21156 24929
11776 25712
11776 27668
289 25563
7089 23981
21556 23981
16654 25237
6538 7883
13147 28539
9952 21224
15123 23504
15553 26293
11475 25451
26394 28522
3256 18840
4398 6372
13932 18285
6323 18068
9033 15008
21313 28272
15599 17087
1104 11440
13926 24190
5146 23197
13665 26464
2887 17993
2548 12374
9564 17297
2508 9467
11488 25735
1772 25430
4064 22568
11510 22845
14255 17276
7753 27028
21508 22007
5041 25888
16196 25888
8525 25390
11269 25600
17993 28054
9564 16204
10245 14315
25758 26394
8928 9604
22522 23462
10172 18959
25369 26674
11934 13408
2107 8969
2109 19464
4130 27491
18158 26068
23336 26107
119 21110
1683 10105
3192 9076
14869 16739
17556 20573
4497 26167
74 25131
10105 11102
3087 22974
1651 4681
14731 14869
16035 26805
1999 3659
7753 27591
477 19063
6024 22657
15411 18856
17007 21891
19957 26394
9959 26394
24413 28257
10774 24242
18099 22237
5954 10105
9645 10652
10578 14783
6589 13032
1747 3875
8762 17822
5658 7598
12088 22249
4681 12074
11776 22550
3580 24014
14584 19524
17412 25695
8220 20588
4102 7853
8515 21101
3808 24696
7314 25052
15695 26394
10059 11087
6202 20948
13550 21283
14896 28257
3213 27677
10105 11940
894 3087
16956 26386
2707 23895
17494 21529
8959 19002
14315 23682
1651 22026
1651 26764
10105 21850
11742 14329
17431 17754
26143 28277
9940 11488
8424 10863
35 6087
8525 27300
6087 10064
25735 26143
19957 24014
529 26212
7384 8602
8636 24190
20405 24977
11147 21541
6241 15043
7384 24242
7089 21758
21556 21758
514 27958
5366 22372
23232 28435
13188 14428
3136 5173
11562 15582
1515 26854
3826 3947
2626 22522
4040 24078
1062 10268
15953 23295
17858 19657
6069 28430
787 1272
7115 15427
17561 26631
26572 28171
5856 22337
1666 17062
23544 24929
32 606
5437 7239
4256 22026
4256 26764
18327 21063
1204 6848
10268 13271
7205 8000
9921 14471
1599 22522
14311 23068
22812 23068
79 26415
4858 22186
18621 21061
15925 24078
3618 7328
6309 26481
7929 23336
551 17494
6794 21701
11319 12414
12414 13730
11639 17990
9608 17614
289 20577
